1000
13 66 1
34 68 35
26 7 46
43 48 99
57 92 78
67 10 77
69 62 92
42 67 86
3 83 27
73 100 14
46 83 61
14 89 2
10 86 69
26 91 40
49 32 95
22 14 70
42 73 40
14 78 60
12 72 83
0 44 99
8 67 44
100 76 79
21 84 62
28 74 83
14 81 78
34 64 3
51 16 84
24 26 19
20 39 43
93 40 71
28 14 70
14 46 40
56 92 59
74 76 22
4 86 31
88 76 98
39 85 37
4 95 82
30 83 16
37 17 62
10 36 76
44 27 57
85 73 70
5 77 3
90 78 19
79 8 72
0 2 42
100 70 91
70 35 42
66 96 69
89 48 39
74 77 38
17 37 79
50 95 41
23 8 13
35 35 60
62 46 8
56 83 72
2 1 3
82 56 91
69 74 98
63 5 13
98 6 75
57 58 89
65 70 12
9 3 8
14 60 30
67 83 21
42 4 54
19 41 36
43 19 26
8 64 34
28 53 36
55 94 47
72 83 63
98 13 29
7 54 41
62 18 5
67 43 20
86 33 83
60 24 94
72 21 28
21 99 3
94 24 53
80 60 28
19 80 12
57 14 13
100 1 1
54 86 32
0 39 48
23 3 100
11 32 65
75 28 25
84 63 8
67 45 84
82 79 96
4 47 1
81 13 32
31 11 98
99 92 73
52 29 5
33 61 4
55 82 52
62 59 95
93 6 84
78 84 95
70 87 37
10 55 27
93 8 68
75 97 59
59 72 79
36 42 44
79 13 6
1 22 6
7 79 5
5 47 66
28 95 98
78 71 68
91 65 22
100 55 38
22 28 37
7 84 22
88 17 98
68 13 87
39 5 38
99 35 58
7 55 85
15 81 62
44 52 32
23 34 79
75 53 41
16 81 80
84 79 48
62 57 13
84 71 12
72 36 27
58 91 89
81 38 96
57 75 18
39 5 87
99 62 71
54 6 54
5 34 58
79 94 60
71 83 38
86 89 75
53 48 15
58 12 24
88 40 84
31 43 35
81 8 37
79 20 6
87 37 39
55 80 45
47 92 81
27 69 53
100 61 33
43 44 59
49 11 58
38 86 11
65 77 76
68 47 78
10 33 21
50 36 93
41 85 37
78 100 69
13 94 70
47 88 38
35 72 76
90 58 66
75 83 75
49 37 81
60 98 27
65 34 26
16 35 59
24 98 37
73 91 41
28 88 81
73 81 87
1 73 59
58 63 62
19 23 85
99 70 86
9 78 90
28 16 5
25 68 86
76 10 62
51 76 26
80 32 67
7 29 86
80 5 56
23 65 87
17 2 33
32 74 85
90 47 68
41 35 64
59 46 2
15 73 20
89 41 20
79 87 63
12 65 66
52 96 17
34 15 71
87 21 91
81 4 75
51 57 31
28 12 87
96 97 9
35 64 17
50 45 96
27 63 72
35 55 63
16 53 10
76 9 32
8 59 6
54 84 33
8 3 76
77 75 53
99 95 91
14 10 10
34 5 87
21 53 4
67 95 83
95 82 27
44 26 6
34 85 73
81 14 29
2 36 39
99 99 99
86 98 75
12 7 78
13 98 74
43 72 63
7 25 48
84 79 64
90 14 81
33 29 79
48 100 7
67 12 75
66 25 14
48 100 27
41 85 26
74 32 14
53 22 1
56 57 34
94 41 86
87 57 12
13 9 61
13 68 39
38 10 22
19 77 96
34 10 100
43 58 83
68 88 5
67 19 16
30 5 25
87 81 48
13 64 55
12 98 95
36 69 53
44 7 12
89 80 48
49 79 11
7 29 92
55 77 36
8 58 1
81 69 83
46 60 37
61 63 52
23 58 58
34 21 80
68 6 13
94 54 91
80 22 42
93 94 28
56 80 4
85 67 94
2 47 93
20 56 69
84 24 17
46 60 87
80 78 67
89 86 90
31 8 81
51 26 61
10 33 33
73 43 35
66 19 66
45 12 15
26 57 61
60 81 24
76 27 10
34 59 57
87 78 17
13 69 20
19 53 6
75 12 4
48 59 23
98 4 46
41 97 68
53 89 74
21 63 84
4 57 29
96 55 72
34 78 66
32 14 83
56 43 8
17 36 76
28 37 95
84 32 46
49 86 5
49 35 2
83 77 15
98 42 24
100 31 47
21 61 42
85 7 21
90 69 64
20 98 70
11 5 82
68 45 5
91 54 60
50 22 39
58 90 100
74 3 72
33 44 96
14 98 61
28 43 83
50 82 26
4 11 83
54 28 35
87 63 13
77 89 75
61 6 25
75 18 15
34 66 96
33 36 11
33 70 76
67 58 20
49 60 88
98 29 77
53 100 79
97 24 78
82 87 30
87 37 94
46 54 18
51 22 21
17 63 22
94 13 95
87 63 16
90 72 20
15 100 82
8 2 87
23 66 83
30 5 55
7 62 58
12 72 15
57 76 73
100 9 27
2 48 25
82 24 95
83 62 4
7 52 70
71 86 34
34 44 71
6 36 66
4 25 17
16 74 2
86 92 88
46 13 25
67 60 99
73 35 23
13 21 19
93 54 6
46 13 67
100 37 76
12 100 82
0 71 40
92 31 9
24 89 95
54 72 3
87 20 40
33 84 61
27 56 28
56 56 52
23 36 86
95 22 15
7 52 33
73 5 80
76 45 72
49 34 10
20 2 14
37 2 41
84 63 23
43 89 76
74 24 4
52 44 12
48 48 69
16 10 4
22 41 17
56 48 75
82 42 37
59 8 29
67 67 62
5 20 37
7 13 96
67 43 16
15 40 98
29 72 80
77 46 98
73 94 6
44 4 23
24 1 68
61 85 22
43 9 84
60 5 38
58 20 22
98 80 87
19 77 72
88 98 54
4 1 83
45 39 5
18 22 25
91 77 4
88 56 9
75 2 67
54 99 95
40 29 7
24 24 77
59 75 48
83 83 38
9 72 95
25 55 35
20 60 5
60 100 78
8 34 45
35 57 4
51 52 94
49 48 55
70 67 75
4 8 40
6 26 84
47 27 8
55 82 21
30 64 33
16 97 9
77 46 25
32 81 7
70 100 38
2 32 95
49 47 74
84 58 8
87 28 17
18 69 54
70 57 74
13 46 10
4 92 13
48 62 3
91 63 85
2 21 41
61 88 67
71 8 8
85 16 71
100 6 94
15 72 4
22 75 38
16 93 89
55 36 81
37 21 1
17 46 54
25 43 2
59 82 94
44 19 7
52 79 95
37 33 85
74 98 45
27 61 19
71 59 9
78 28 94
66 92 12
19 25 7
22 21 46
64 81 11
93 26 48
30 15 68
47 27 41
59 43 87
7 33 36
1 23 28
100 39 9
61 29 41
44 71 96
76 78 55
25 65 34
93 91 57
65 83 43
23 5 33
34 54 33
73 29 39
2 72 59
31 57 62
14 65 87
46 25 23
82 70 56
75 97 39
16 88 96
52 23 15
81 3 94
20 94 40
48 77 79
61 87 41
100 63 3
19 32 19
35 29 87
28 89 30
21 1 14
16 86 48
75 63 74
38 4 40
61 18 70
67 7 97
9 100 8
1 95 53
20 56 46
3 19 75
81 30 41
95 53 33
61 65 100
53 66 72
21 57 20
62 17 79
71 87 7
48 38 28
34 9 32
95 85 81
38 87 35
53 28 74
3 53 40
5 36 8
48 46 58
57 66 7
58 58 81
38 8 35
96 10 58
65 88 97
8 13 21
97 44 64
18 95 60
100 91 95
80 15 95
77 65 16
8 61 41
48 64 69
64 25 83
82 19 81
47 52 75
58 18 38
6 54 76
4 45 66
3 66 73
27 81 7
45 4 63
32 10 75
81 45 30
39 68 98
30 29 57
79 100 64
84 98 55
12 8 16
99 13 4
76 23 47
53 90 67
67 77 35
25 24 95
39 43 22
98 87 25
2 93 86
85 55 91
59 89 41
53 5 47
80 70 89
75 18 61
92 55 47
3 89 85
53 61 85
60 29 94
10 38 38
82 77 39
20 62 88
49 97 30
28 81 52
13 9 38
20 46 63
13 55 55
76 7 28
52 10 20
99 97 98
5 77 17
32 94 82
35 16 42
94 11 37
1 28 70
36 22 35
55 68 37
100 28 10
66 22 24
35 81 8
24 81 77
24 29 11
76 85 40
97 96 54
10 72 100
0 33 60
41 88 72
83 53 23
0 92 67
74 92 31
61 89 91
34 99 40
51 9 46
45 62 57
34 74 94
47 68 48
25 69 7
4 38 5
33 39 73
40 76 92
61 11 61
65 48 46
55 47 53
10 55 4
81 16 88
0 30 70
32 77 66
81 64 70
98 85 38
90 76 61
96 80 66
31 15 100
30 61 23
58 36 22
68 94 26
56 1 93
73 41 26
16 20 69
100 35 40
24 64 84
91 83 54
0 20 21
69 96 3
85 68 41
57 28 81
39 94 64
70 44 46
46 26 68
7 78 53
63 43 23
17 43 82
82 86 16
25 43 87
4 79 33
79 91 11
43 24 79
10 5 43
42 33 100
53 3 4
78 3 72
89 8 11
20 24 95
12 39 71
99 60 89
8 31 78
95 33 26
16 79 40
37 24 17
69 25 52
42 58 87
16 20 13
70 25 2
47 2 34
22 89 58
88 58 41
99 3 95
47 39 84
18 61 15
30 94 18
30 41 28
34 38 11
14 12 58
19 8 1
4 99 34
55 37 9
16 58 42
80 66 44
98 31 67
3 75 98
57 71 100
99 77 4
10 33 56
6 12 13
20 71 63
45 24 7
61 95 87
36 87 6
43 82 18
100 60 84
72 98 89
36 64 15
88 45 37
1 87 71
16 46 80
39 72 57
21 6 39
79 67 41
34 26 6
8 87 8
80 53 38
23 7 39
36 12 28
60 81 83
9 67 98
100 26 16
0 99 43
97 48 53
97 82 93
65 69 32
12 9 17
84 93 54
23 21 97
33 18 17
60 34 72
58 27 76
69 44 38
5 92 68
51 7 31
83 27 46
83 77 98
64 76 28
2 9 3
86 7 52
82 32 14
76 84 67
37 54 52
40 5 31
73 79 96
76 77 73
25 17 18
16 39 79
28 1 34
100 74 54
65 77 35
17 79 13
89 42 1
0 57 27
92 33 47
83 45 78
90 24 63
74 13 7
43 54 4
100 91 18
14 33 90
17 55 29
24 84 57
75 68 11
47 1 94
91 5 25
23 89 93
19 61 77
80 46 30
2 64 93
0 55 55
32 71 93
20 14 88
77 76 20
20 46 39
86 41 9
52 37 89
21 89 97
53 46 81
100 98 41
35 55 45
37 62 67
83 25 47
100 90 10
47 71 80
11 72 92
79 6 20
8 92 17
22 95 30
10 28 72
66 30 100
12 55 55
45 39 23
75 37 68
31 47 82
91 86 25
55 94 27
96 28 17
90 69 60
59 78 24
51 61 55
65 46 89
58 85 42
85 84 21
59 31 96
6 33 77
87 40 57
44 52 32
38 15 17
5 21 40
25 40 82
56 61 7
48 19 14
5 98 52
80 94 17
10 37 85
19 59 93
14 36 81
5 74 9
9 76 39
68 88 23
12 59 63
100 91 42
55 98 32
31 80 31
67 56 15
35 22 38
13 28 46
4 90 64
67 89 59
0 32 79
63 90 6
18 89 10
34 98 65
98 96 13
52 71 98
38 31 43
54 53 91
91 24 30
23 79 47
83 39 80
19 32 69
21 28 21
93 85 66
36 98 30
100 31 11
25 60 20
96 74 56
14 30 25
78 92 39
41 20 71
75 96 31
94 20 21
35 68 35
41 12 92
1 45 6
17 42 4
73 6 68
95 23 15
25 61 69
5 85 97
30 60 84
76 5 76
29 94 95
63 47 47
4 64 60
49 43 41
54 98 4
16 54 82
73 66 59
85 85 71
48 69 67
48 52 2
61 56 2
59 98 12
51 46 69
47 32 85
85 13 84
97 69 86
37 26 33
22 97 31
26 63 84
75 31 59
68 55 29
55 93 15
55 12 25
74 73 98
15 90 92
69 11 77
52 36 12
11 78 3
98 39 27
47 25 9
18 82 44
48 86 21
67 88 33
5 95 26
48 55 54
8 78 93
38 96 19
86 75 33
91 59 33
57 10 21
97 88 98
31 86 25
77 88 1
23 24 41
75 9 23
76 86 17
16 11 38
77 83 32
25 76 48
45 3 87
5 66 37
98 22 42
63 75 34
74 9 58
58 16 65
15 70 53
69 96 28
44 62 13
61 11 30
31 9 89
81 88 84
51 66 33
1 7 59
16 48 34
11 10 80
96 44 13
56 30 6
94 75 65
53 80 34
52 68 7
41 98 74
61 55 7
16 66 92
14 19 22
64 38 29
93 73 87
75 55 81
16 58 27
38 4 1
36 4 21
84 69 3
0 68 90
57 76 70
7 83 47
66 89 30
67 1 56
79 48 76
40 29 19
19 54 59
88 27 3
33 58 9
14 84 31
86 15 32
94 30 5
17 32 44
34 72 75
63 38 11
0 27 62
79 7 62
2 96 76
34 72 48
21 60 67
18 56 55
38 6 39
48 39 20
75 76 37
57 48 78
91 25 16
20 28 98
82 94 57
90 98 72
39 12 84
4 87 25
91 2 12
63 74 95
49 22 17
45 58 33
17 8 18
96 46 59
100 66 7
83 15 78
25 12 74
77 18 99
68 63 40
1 12 64
10 22 75
53 97 9
95 92 84
87 22 56
2 42 20
87 70 20
38 13 28
25 54 15
12 88 91
4 99 54
46 38 10
98 69 74
